-0.2529 -0.6242 -2.4806 -1.5524 -3.5944 -2.8518 -3.9656 -4.3369 -3.4087 -1.5524
-0.6242 -0.2529 -0.9955 -1.5524 -2.4806 -1.9236 -3.4087 -3.5944 -2.8518 -4.7082
-2.4806 -0.9955 -0.2529 -2.4806 -0.6242 -0.9955 -1.5524 -3.4087 -3.0375 -4.3369
-1.5524 -1.5524 -2.4806 -0.2529 -0.9955 -1.5524 -2.4806 -2.8518 -0.9955 -2.4806
-3.4087 -2.4806 -0.9955 -0.9955 -0.2529 -0.6242 -1.5524 -1.9236 -1.5524 -2.8518
-2.8518 -1.9236 -0.9955 -1.5524 -0.6242 -0.2529 -0.4386 -0.9955 -0.6242 -2.4806
-3.9656 -3.4087 -1.5524 -2.4806 -1.5524 -0.4386 -0.2529 -0.6242 -0.8098 -1.9236
-4.3369 -3.5944 -3.4087 -2.8518 -1.9236 -0.9955 -0.6242 -0.2529 -0.4386 -1.5524
-3.4087 -2.8518 -3.0375 -0.9955 -1.5524 -0.6242 -0.8098 -0.4386 -0.2529 -2.1093
-5.2651 -4.7082 -4.3369 -2.4806 -2.8518 -2.4806 -1.9236 -1.5524 -2.1093 -0.2529