-0.1246 -0.3921 -1.7298 -1.0610 -2.5324 -1.9973 -2.7999 -3.0674 -2.3986 -1.0610
-0.3921 -0.1246 -0.6597 -1.0610 -1.7298 -1.3285 -2.3986 -2.5324 -1.9973 -3.3350
-1.7298 -0.6597 -0.1246 -1.7298 -0.3921 -0.6597 -1.0610 -2.3986 -2.1311 -3.0674
-1.0610 -1.0610 -1.7298 -0.1246 -0.6597 -1.0610 -1.7298 -1.9973 -0.6597 -1.7298
-2.3986 -1.7298 -0.6597 -0.6597 -0.1246 -0.3921 -1.0610 -1.3285 -1.0610 -1.9973
-1.9973 -1.3285 -0.6597 -1.0610 -0.3921 -0.1246 -0.2584 -0.6597 -0.3921 -1.7298
-2.7999 -2.3986 -1.0610 -1.7298 -1.0610 -0.2584 -0.1246 -0.3921 -0.5259 -1.3285
-3.0674 -2.5324 -2.3986 -1.9973 -1.3285 -0.6597 -0.3921 -0.1246 -0.2584 -1.0610
-2.3986 -1.9973 -2.1311 -0.6597 -1.0610 -0.3921 -0.5259 -0.2584 -0.1246 -1.4623
-3.7363 -3.3350 -3.0674 -1.7298 -1.9973 -1.7298 -1.3285 -1.0610 -1.4623 -0.1246
