-1.5280 -1.9100 -3.8200 -2.8650 -4.9659 -4.2020 -5.3479 -5.7299 -4.7750 -2.8650
-1.9100 -1.5280 -2.2920 -2.8650 -3.8200 -3.2470 -4.7750 -4.9659 -4.2020 -6.1119
-3.8200 -2.2920 -1.5280 -3.8200 -1.9100 -2.2920 -2.8650 -4.7750 -4.3930 -5.7299
-2.8650 -2.8650 -3.8200 -1.5280 -2.2920 -2.8650 -3.8200 -4.2020 -2.2920 -3.8200
-4.7750 -3.8200 -2.2920 -2.2920 -1.5280 -1.9100 -2.8650 -3.2470 -2.8650 -4.2020
-4.2020 -3.2470 -2.2920 -2.8650 -1.9100 -1.5280 -1.7190 -2.2920 -1.9100 -3.8200
-5.3479 -4.7750 -2.8650 -3.8200 -2.8650 -1.7190 -1.5280 -1.9100 -2.1010 -3.2470
-5.7299 -4.9659 -4.7750 -4.2020 -3.2470 -2.2920 -1.9100 -1.5280 -1.7190 -2.8650
-4.7750 -4.2020 -4.3930 -2.2920 -2.8650 -1.9100 -2.1010 -1.7190 -1.5280 -3.4380
-6.6849 -6.1119 -5.7299 -3.8200 -4.2020 -3.8200 -3.2470 -2.8650 -3.4380 -1.5280